10010100 11001111 
01100101 01000111 10011110 11000111 11101111 00101010 11000111 10110111 
10101110 01011100 00100110 11010110 01110110 01100000 01101010 10111111 
01000101 00010100 10011111 10111000 10101001 00001011 01011110 00110101 
01111101 10111001 10110110 11101111 01101101 01011100 00011001 10011010 
11111110 10110011 11010100 01001010 11010110 00001010 10100011 11001100 
00001100 10100001 01111001 01001001 01011000 01100010 01010011 00001100 
10011000 01011010 01100101 00001101 10100110 00011100 00110000 11010001 
01010001 10011011 10010010 10001111 11111101 00110100 01100010 00001111 
00100110 01000010 11010000 01101000 10010000 10011110 01111000 00011101 
11100001 01111100 01100010 10010011 10010111 10100010 11011011 11111110 
01110001 11110101 11011111 00100011 01100000 10101000 00110100 11010001 
01011001 00100110 00100011 10100011 10100110 10100101 10000101 01110100 
01111101 10001000 10111111 11101100 00101011 10100010 10110010 01100101 
00101111 01010101 11111100 00100101 00111001 10100011 10010110 01011110 
01011110 01011011 11010110 10100111 11001010 11010011 10011101 11010011 
10000110 00001110 00011111 11101001 10001111 00100100 00111111 01111011 
01011010 11101001 10101011 01010101 01011010 01101000 11111111 11111101 
00000011 00100100 11101100 11001011 10111001 00110010 01110101 01100001 
01011100 10001110 01000100 01010000 01111110 00000101 10011001 01000100 
11100101 11001110 00101111 00110110 01010100 01001111 11100110 11111000 
00100010 10011000 00000010 00010001 10000100 00100011 10100000 01110110 
00100001 00011101 10001110 00101111 11010111 11001111 10010000 01111111 
01101000 00100111 01010110 10010100 01011101 01100000 11001100 11101011 
10111111 01000101 10001100 01100001 10101110 11111101 00110110 01111001 
10011001 00010011 01011101 01001101 00111001 10010000 10111100 01000100 
01110000 10010011 01001011 01001101 10011101 01101111 01100111 11000101 
11010001 10001011 01000010 11010010 00101110 01001011 01011100 10111110 
01101111 00101001 10001011 10101010 00111100 10011000 11000101 10001110 
10001011 11010100 00100100 11010111 10011001 11100010 00111001 01100010 
01110100 00001100 10010001 11100010 11011101 01011011 10010001 10100100 
01110010 01011101 10100011 11011001 00111000 00111101 00000001 10010110 
10111010 11000110 00111110 11000111 00111110 11100100 01111010 01111001 
11101111 11010111 10101110 01110001 10101001 10000011 11101011 00011011 
11001100 10010110 11100101 10110110 10100000 11101110 11100001 11001010 
10100100 10010011 10000001 01001101 00010010 11001101 00001000 11010111 
10111110 00000010 11100000 01001010 11001100 01110010 11000111 10010111 
01000010 11111111 00101010 11110011 01110111 01110010 11011110 10101011 
10111101 00000111 11010000 10001001 01011111 00101100 11001101 11100010 
11010011 01101110 01011111 
