 10010100
 11010111 01111101 01000111 10011001 11010101 10100011 01101001 11110111
 11110010 10011110 01001111 00100010 11010110 01111110 01111011 00101101
 11101100 01000101 00000111 11010001 10110111 10100100 01001110 01010100
 00110101 01110111 10100101 10100000 10110010 00110111 01101110 00000000
 11010101 11111001 11100001 11000110 01011110 11010110 00000101 10101000
 10011001 01011011 11101110 01110111 01001011 01000000 00111011 01000000
 00001101 11010001 01010001 01100100 00000011 10110110 00011100 01111000
 10000000 00000110 10011001 10011010 10001111 10110100 00111010 01111000
 00001010 00100000 01001110 10010100 01111101 11000100 10010100 01101111
 00011000 11111010 00111001 01110111 10010011 11011011 10111100 11010001
 11100111 00100101 11111010 11001001 01111010 00010000 10101001 00111001
 11011111 00011000 00110110 00101010 10101110 11100101 10110110 10010001
 00110000 01000000 10000101 10110101 11101011 00101011 10100001 10100100
 01100101 01100011 00011110 11101010 00101011 00110011 10110110 10001100
 01011000 00010000 01001001 10011010 10101000 10001000 11110111 10001011
 11011100 11000101 00011111 00010110 11100100 10011000 00111010 00111111
 00100001 01100000 11111010 11100000 00001111 01101101 01100011 11101101
 11101010 01010111 00110001 10111110 11000001 10110101 00100101 01100110
 00111011 00110000 10000110 01001010 01011100 01100000 01000100 11101110
 01010110 11111110 11011000 01110101 00110011 01001100 01001100 10110100
 11111000 00100110 11000110 01001101 00100111 11001101 00101100 10100101
 01100000 00101000 01001001 11011001 01101101 11000001 11000100 10000011
 01101100 01100110 01100011 01010011 10011000 01010111 00111110 10010110
 11110100 11110100 01000101 11011101 00101000 11101001 10011010 00110001
 01101111 10010100 00001000 01000110 01000011 01111000 11000110 11110011
 01111010 01111010 10001100 01000101 01010100 10011101 00100011 00001100
 11001110 11001011 10010000 01001000 11001001 00110010 01010110 01000110
 11110101 01101111 01101100 10001011 10110010 01110101 10010011 11011010
 10011001 10010000 10000110 00111000 11011101 10000101 11100110 00111001
 00101110 01100000 00000000 11010100 10110001 11000011 01001100 10011010
 10100100 01110010 00010000 11110011 11001010 01110100 00111000 00000001
 10001110 10110111 11010110 01110111 10001100 00100110 11101010 01101100
 01101000 11111110 10010100 10100100 00110100 11100101 10000001 11100001
 00011101 11011000 10010010 11111001 10110101 11110100 11111011 11110111
 10001110 10100011 10001000 10000110 01001100 00001010 10011110 00011000
 11001011 11101101 00000011 10101110 01000100 11010100 01111101 11011101
 11010110 00000100 11111111 01100100 11000110 00110110 01001001 10010001
 10101101 10101111 00001010 11001101 11011001 01001010 00101010 11011110
 10110111 10001101 00100001 00011011 11111001 10101110 11000001 11100001
 01010010 00010100 10010010 11100011 10001010 00110101 11010110 11110011
 01100011 10111000 00101011 10100000 01111000 11010111 11010100 11100101
 00010101 10110011 11100111 00001111 01011011 01001000 01000100 00111011
 11001010 00000110 00111111 10000010 00111000 10001011 01001110 00111100
 11111101 01001011 11110000 11111110 11011010 10101000 01010101 00010010
 10111100 01011100
