10010010 
11100110 00111100 01011010 10011001 11000011 11101111 01110010 11100111 
10111101 10111001 01001111 00101110 11001000 01111100 00100001 00100001 
10111111 01011010 00000010 10001011 10111100 10101001 00001111 01001000 
00111101 00110010 10111010 10100010 11100001 01111011 00100111 01011101 
11010101 11100000 11111111 11001101 00010000 11000101 00000111 11101111 
10101101 00000001 10100001 01110111 01010110 01011011 00110101 01010100 
00000100 11011101 00011111 01110001 00000001 11110011 01010010 01101011 
10001010 00000101 11010110 10010000 10000000 11111101 00100101 01111000 
01011101 00111110 00000001 11001110 01100010 10010111 10010001 01110010 
00010010 11100010 01111100 01111110 10010101 10011110 11101100 11001001 
11100100 00110000 11111111 11010010 00101101 00010000 10001101 00110001 
11010001 00011000 00100111 00111010 10100111 11100101 10110110 10001001 
00111110 01001010 11010010 10100000 10100111 00101111 10111010 10101101 
00100100 01111100 01001110 11100111 00100001 00110011 10110000 10011010 
01010101 01001010 01011011 11010110 10110011 10001011 10111000 10010111 
11010010 10001011 00001000 00011010 11101101 11000010 01101101 01110110 
