 10001001
 11000010 00111100 01000111 10011001 11000101 11101111 01101010 11111001
 10111110 10100100 00010101 00110111 11010110 01110010 01110010 00101010
 11100110 00000110 01010000 10011111 10111000 11100101 00000000 01001101
 00111111 00110010 10111010 10111000 10100101 00100001 01111110 00011001
 10000010 11110100 10111111 10000011 01011110 11011110 01001011 10100001
 10000101 00011000 10100001 01100000 01011000 01000000 00100011 01001001
 00011011 10010100 01010001 01100010 00000001 11110011 01001100 01101011
 10000100 00011010 10011010 10011011 10001100 11110001 01110001 01111001
 00010100 00101100 00001001 11000000 01101000 10010110 10011010 00111011
 00001101 10101000 00101000 01101001 10011111 10010011 11101100 11010001
 11100111 00111110 11111001 10011110 01110000 01010001 11100111 00100000
 11010101 00011000 00100100 00100001 10101101 10110110 10111000 10000101
 01110100 01000001 10011011 10111111 11110101 00100001 10101001 10110010
 00110111 00110001 01010001 11111001 00100101 00110001 10110111 10011010
 00010001 01011001 00000010 10000100 10100111 10001111 11111011 10000110
 10011101 10010001 00011001 00001001 11101101 10011111 00101100 01110110
 00101100 00101010 11110000 10100001 01000001 01000000 01111001 10111010
 11100011 00000101 00111111 10101001 11000111 10110010 00100001 01110111
 00111011 01000011 11000011 01011000 01011111 01101000 00010011 11010111
 01011110 11101101 10001011 01100001 00110011 01001000 01010111 10110100
 11110000 00101000 11001100 01001111 00111111 11010011 00101110 10100000
 00100001 00100000 00000110 11000011 00100100 11011000 11001000 10011110
 01100100 01100100 01100010 00010010 10010101 01011110 01100001 11000010
 11101111 11100110 00001100 11010110 00101111 11100101 11011111 01110011
 01111101 11010000 00111001 01101010 01110110 01110110 10010010 11011000
 01111010 01111110 10001010 01001111 01000100 10010011 01101111 01000110
 11011111 11001000 11000011 01010100 10011100 00110101 01011001 00001111
 10111011 01101111 00101001 10001000 10111111 01110101 10010111 11001100
 10011000 11011111 10000011 01100010 11010011 10001010 11110101 00111100
 01101011 01110000 01000101 10001110 11100010 11000111 01010001 10011001
 10111001 01100000 01011001 11100000 11001011 00111000 00100011 00000001
 10001110 10101100 11001001 00110010 11000101 01101101 11100100 01101100
 01101001 11110011 10010110 10100010 01111101 10100010 11000110 11100010
 00010110 11001100 10000110 11111001 10101100 10110101 11101111 11101111
 11001010 10101110 10001111 10011100 01011101 01000111 11001110 00010011
 11011101 11101010 00010010 11111100 01010000 11001101 01110101 10010010
 11010100 01011101 11111111 00101111 11100110 00111000 01010000 11001000
 10100010 11110110 00001110 11001011 10011100 01001100 00101110 11010110
 11110100 10010101 00100001 00001000 11110011 10110001 10000000 11101000
 00011110 00010100 10010111 11110101 10010110 00110110 11010110 11101011
 01100011 11111011 00111010 10100101 01111011 11011101 11001101 10100000
 00011001 10101001 11110111 00011100 01011100 01001000 00011110 00111000
 10001011 01000111 00000110 10010111 00101101 10001111 01001010 00100110
 11101111 01000111 11111101 11100011 11011000 10100100 00010000 00001000
 11100000 00000110 11011111 01110011 01110101 00111111 01010010 00100011
 10001000 01110011 10001010 00101111 11111001 10100010 10001000 00001001
 11010011 01111000 10100101 11011110 10101010 11000110 00001000 00110010
 01110011 00101100 00110001 11011110 01101100 01011011 10100101 11100011
 00110100 01110111 11101111 01010000 10000111 11011101 01000010 01100011
 01101111 01010011 10111010 10101101 10111101 00110111 01010011 00001101
 01111000 01111110 11000111 01010110 00111000 00011011 00100001 01000001
 10101000 00100111 00001001 01110100 00111000 11010100 00000001 01101001
 10010001 01000010 11010100 01111101 01110010 10010000 10111011 00110001
 11101000 00100100 10110101 11110001 01100111 00110000 00100111 10111110
 10100000 00100000 11110001 00110011 11100001 01000001 11010101 01000001
 10011111 00001101 00000011 10010010 01110101 11101100 10111101 10110110
 01011111 00111011 11100101 11011001 01000010 10111110 10011011 10100010
 00001110 11010011 11111101 11010110 00100000 
