10000100
 11011001 01101001 01000011 10010101 10000110 10111100 01100001 11100101
 11110010 10110010 01000110 00111101 11010001 01110110 01100000 00100110
 11100110 00001010 00011010 10010000 10110010 10101010 01001110 01010111
 00101000 01110011 10111011 10101110 11100001 00101111 01101110 00011010
 10010100 11100001 11110110 11000000 00010000 11101011 00001110 10101110
 10011000 00001001 11110100 00110011 01111100 01011101 00101110 01010101
 00001111 10011000 01011110 00101011 01011011 11110011 01010001 01101101
 10010110 00011000 11010110 10010000 10000000 10110000 01110001 01110101
 00000100 00100101 00011011 10010100 01101101 10010001 10000101 00111011
 00010001 11101001 00110010 00110000 10001000 10011110 10100110 10011110
 11100011 00110000 11101001 11001101 01111001 01010001 10110000 00100011
 11010001 01010001 00110001 00111001 11100010 10110110 10101111 10010101
 00111010 01010110 11011100 11111010 10111000 01100100 10001101 10100100
 00101001 00111001 01010011 10101110 00110100 00101111 10100011 10011010
 01011010 01011111 01001100 10010111 10110011 10010011 10110100 11011100
 11000111 10000000 01001011 00000111 11100111 11011101 00111001 00110011
 00111010 01111110 11101001 11101110 01100010 01000010 01100000 11111101
 11111100 00000101 00111111 10101101 11010000 10100010 01100000 01011111
 01110100 00000110 10010110 01001110 01011101 01100110 00010011 11001010
 01011100 11100101 11001110 01100101 01111110 00011011 01011010 10110100
 11101001 00110011 11011001 01010000 00101001 11001001 01101101 10101100
 01101110 00101110 00001000 10001110 00111000 11011010 11001000 10010110
 01101100 01101000 01101001 01010011 11011011 01011110 01111001 11000010
 11100001 11100011 00001110 11010010 01100001 11101011 11001000 00110010
 00101010 10010111 00011110 01000000 01010001 00110110 11010111 10111100
 01100100 01110000 10010010 01001111 00001101 11011100 00000101 01001101
 11000001 10010010 10010111 01010100 11010101 00100100 01001110 01001011
 10101111 01101111 01101100 10000010 10100100 01101111 10001000 10000000
 10001111 10010000 10001110 00101111 11010111 10011100 11101100 00111001
 00100010 00111010 00001011 10011101 10101001 11000011 00011110 10000010
 11101010 01011011 01011111 11101111 11001100 01110110 00111010 00001001
 11011100 10100011 11000110 00111110 10001100 00111101 11101100 01101100
 01111000 11101000 10000000 10101101 01111000 11100111 10010001 11110100
 00000010 11011101 10010011 11110111 10111001 10110000 11111011 11111111
 10001001 11100010 10000001 10000000 00001001 00011101 10011110 00010000
 11000010 11111011 00010011 11111011 00001101 10000110 01010111 11001011
 10000100 01011111 10110101 00100101 11110001 01110111 01000000 11011000
 10100011 10110011 00010010 11011011 11011001 01010000 00101110 10000100
 10110101 10111111 00100001 00001100 11110001 10110101 10000010 10110010
 00010001 00000111 10000101 10100010 11011101 00010110 11000010 11101111
 01110111 10101111 00110111 11101010 01000001 10011100 10011100 11100101
 00001000 10111011 11110101 00001110 01001010 01000100 01000100 00111000
 11000100 01010001 00011010 10001111 00100111 10001111 00000111 01110010
 11101100 01000001 10100111 11100011 11010000 11100001 01000000 00011001
 11111100 00010101 11011011 00111110 01010001 00111111 01010000 00101011
 10010000 01110101 10001001 00101011 10110110 10100010 10000110 01011010
 11010011 01110100 10110101 11011110 10100000 11001100 00011111 01111101
 01111010 00101100 00110100 11001100 01111101 01000011 11101001 11111110
 00100001 00100101 11111011 01010100 11000011 11010100 01010000 01110110
 01100110 01001000 11110101 10110011 10110001 01111100 01001101 00010001
 01111100 01111000 11011010 01010000 01110111 00011011 01110110 00100101
 10110100 00101111 00001111 01111100 00101010 11000000 00010100 00110000
 10011101 00001001 11010011 01110101 01110110 10000000 11100001 00101111
 10101101 01110000 10111001 10111111 00101101 00100110 00100100 10101011
 10110000 00110101 11110110 00111111 10111011 01011010 11010101 00000101
 10011101 00000111 00000011 10001111 01100111 11101001 10111101 10111010
 00011100 00100100 11100101 11010101 01001110 11101010 10001110 11101011
 00000111 11000110 10101000 10011001 01101111 11010001 01111010 01110010
 00010100 10111100 01101001 11010001 00010010 00101110 00011000 00000110
 01011110 01111010 11100101 00000111 11011111 00100011 01010000 11011111
 01101011 10110110 11000000 11100110 01100010 01110100 00101111 01011001
 11001001 10011010 11101010 00001001 10101010 01000000 10101111 10101111
 00011001 00000111 10001001 11100111 11110101 11010010 11001101 11100010
 10110011 00111111 01000111 11001101 01111001 01010011 11010101 01010101
 10000010 10111000 00011100 01011010 11010110 01000000 10101101 00111000
 11011011 11011101 10100100 11001011 00100110 01010111 00011100 00111110
 01001000 00000000 00110001 01000111 01101110 01010010
