10001001 11000010 
01110110 01011110 10011001 11000011 10100100 01111011 11111010 10110011 
11111101 01000110 00100010 11001010 01101110 01100000 00101011 11110101 
01001011 01010000 10011010 10110110 10101011 00011001 01000001 00110010 
01110001 10111101 10111110 11100001 00111010 01101110 00001111 10011010 
11111111 11110000 11011001 01010101 11010101 01001011 10010101 10000110 
00011110 11100101 01111101 01000011 01010001 00111000 01010101 00001111 
10010100 01010101 00101011 00101000 10110110 01001011 01101011 10000010 
00001000 11010110 10010011 10001000 10111100 00111101 01111000 01011101 
00101011 00011011 11010111 00100111 10001011 10011000 01110111 00011000 
11111011 00100110 01110101 10010010 10010010 10101001 10011110 11010110 
00110000 11101001 11011100 01100010 01000010 10111110 01110000 11110100 
01010111 00100011 00110010 10100001 10101110 10100101 10010101 00111110 
00001111 10011000 10111011 11101100 00101011 11101111 10110011 00101010 
00101011 01011011 11100100 01100100 00110001 10110000 10011011 01010100 
01000010 01001001 10011111 11111101 10000110 11111101 10001011 11010100 
10000110 00010010 01011101 10101000 11011101 00001100 00111010 00111110 
00101010 11101111 10111100 01010101 01000110 01111111 11110011 11110110 
00011001 00101100 10101001 10000100 10100001 00101001 01110001 01110110 
00010101 11000011 01000000 01011100 01101000 00001000 11010110 00010111 
11101000 11000100 01111111 00111011 01011110 01011111 11111011 10100010 
00101001 11010111 01000110 00110101 11001110 00111110 10100010 00101111 
01100100 00100011 11001011 00111110 11011010 11010100 11010100 01111111 
01100011 01101000 01010000 10011110 01011011 01101000 11011111 11101011 
11111100 00011100 10010011 00110110 11100000 11011011 00110111 01110000 
10010101 01011110 00001111 01001011 00111101 11011111 11100101 00110110 
01100101 11011110 01101011 01001111 10011001 00100100 01011111 11001011 
11011100 10000111 01010001 11011001 00101100 00011100 01100100 10100010 
01100111 00111111 10000010 10101100 01111001 10000101 11010011 10010110 
10010110 10011001 01100010 11011010 10001110 11101011 00111001 00101110 
01101001 00001100 10010001 11100010 11000111 01010001 10011111 10101011 
01111100 01011001 11100010 11000000 00111000 00111101 00001001 10011001 
11101101 11011011 00100010 11000000 00100110 11110001 00100011 01101101 
10100111 10000111 10100101 01110101 10110011 10000011 11101110 00001000 
11001010 10010111 10100000 11100111 11110100 11101110 11101100 10000100 
10100011 10001100 10000010 01000000 00001011 11011111 01010010 11011001 
11100111 00000000 11100001 01001111 11010011 01110110 11011111 10010111 
00001010 10111011 00111110 11111011 00111100 01001011 10010001 10101010 
10111000 00010010 11010111 10000011 01010100 00101110 11011110 11111010 
11011101 00100000 00011110 10111010 10100111 11000001 11111110 00011011 
01010011 11011100 
