 10010100
 11000110 01110010 01011010 10010001 11000101 10110110 01100010 11101110
 10110111 11111101 01011010 00100011 11001111 01101111 01111000 00101011
 11110110 01001111 01010000 10010110 10111100 10101010 00000010 01001011
 00111011 01111101 10100000 11111001 11100001 01101101 00110101 00101110
 10011010 10101101 11100111 11010001 01001010 11011010 00001000 10100110
 11001100 00011010 11101010 01100111 01010101 01000101 00101100 01000011
 01000001 10000110 01001010 01100111 00001111 10110010 01010010 00100010
 10001111 00010000 11010110 10001101 10010110 10110100 00110100 01110100
 00010100 00101100 01000010 11000100 01101000 10000111 10010111 01110100
 00010011 11110010 00110101 00110000 10010011 10011111 11101100 11101000
 11111011 00111101 11110000 11001101 01110100 01010001 10100000 00110101
 11010100 01011001 01110110 01110011 10001100 10101100 10101001 10011101
 00111101 01001010 10010001 10110001 11101110 01100100 10100100 10110010
 00101011 00111111 01011011 11111100 00101010 01111101 10100011 10010001
 01011110 01000111 00000010 10011000 10111100 11001010 11111011 10000110
 11010010 10001001 00000100 00000100 11100011 10011100 00101110 00111110
 01111011 01111001 11101100 10100111 01001110 01010111 01100011 11101101
 11101010 00010100 00101101 11101100 11001001 10111110 00100100 01111101
 01110100 00001011 11001101 00001101 
