10000011
11010001 
01111101 
01000100 
10010001 
11010010 
11101111 
01101010
11111001
10100101 
10111100 
01011001 
00100100 
11000101 
00111101 
01110101
00101101 
11111110 
01011110 
00000010 
10000100 
11111001 
10001110 
00011100
01011101 
00101111 
01100110 
10101110 
10111001 
10111000 
01101101 
01011101
00001100 
10011011 
11101001 
11101010 
10001101 
00010000 
10011111 
00111100
10100011 
10001101 
00001000 
11101111 
01111010 
01001001 
00010010 
00110001
01010011 
00000100
11010001 
01011011 
01100100 
00010011 
10111010 
01011001
01100110 
10011011 
00011000 
10010111 
10010010 
11001101 
11111101 
00101011
01110010 
01011101 
00000011 
00000011 
11011010 
01100011 
10000101 
11011111
01101111 
00011000 
10101000 
00110010 
01111001 
10011001 
11011011 
10000001
11011111 
11111000 
00110110 
11110100 
11001100 
01111001 
01010001 
10110011
00110001 
10011010 
01110011 
00111011 
00101001 
10110111 
10100110 
10100100
10011111 
00100011 
01011100 
10011001 
10111011 
10100111 
00011110 
10101110
10110000 
00101100 
00111001 
01001101 
11110100 
00100101 
00110011 
10110000
10011010 
00010001 
01000111 
01001101 
10011101 
10110010 
10000110 
10111000
10001011 
11001101 
10001100 
00011000 
00000110 
10101000 
10110110 
00111111
00101111 
00101000 
01111110 
11100010 
10100000 
01010110 
00000011 
01000110 
11111011 
11111101 
00010011 
00111100 
11100000 
10000100 
10101100 
01100000 
01111111
01101111 
00010011 
10010001 
01010100
01011000 
00101001 
00010100 
11010110 
01000100 
11100111 
11001010 
01111101 
00101000 
01000010 
01000001 
11110101 
10100010 
00110100 
11011111 
01000111 
01111100 
10000100 
00110111 
10100100 
00100001 
00101010 
00000000 
11001011 
01101101 
11000100 
11010010 
10001110
01110101 
01101000 
01111101 
01011100 
10011010 
01010011 
00110010 
11011100
11101011 
11111011 
01000101 
11000000 
00110001 
11111110 
11000000 
00110110
01101110 
10010001 
00000101 
01001100 
01000111 
01111000 
11000101 
10111100
01100101 
01110100 
10010010 
01001111 
01010011 
10010101 
00101010 
00000000
10001010 
11000111 
10000111 
01000110 
11001110 
00111011 
01000101 
01000011
10111010
00100110
00111110
10010101
10101110
01110011
10000001
11011010
10011000 
10001011 
10010001 
00101111 
10011000 
10011100 
10101111 
00111100
01110100 
01110011 
00000100 
10011000 
10100011 
11011011 
01010000 
10011010
10111001 
01101000 
00010000 
11100010 
11010001 
01101100 
00101010 
00010011
10001000 
10110100 
11001100 
00100001 
11000010 
00101100 
10111110 
01110111
01111111 
11101101 
11010111 
10111011 
01101101 
10100101 
10001111 
11111001
00011100 
11001010 
10010110 
10100000 
10111001 
10111111 
11110101 
11111001
10011000
10101001 
10001111 
11000001 
00001001
