 10010100
 11001111 01100101 01000111 10011110 11000111 11101111 00101010 11000111
 10110111 10101110 01011100 00100110 11010110 01110110 01100000 01101010
 10111111 01000101 00010100 10011111 10111000 10101001 00001011 01011110
 00110101 01111101 10111001 10110110 11101111 01101101 01011100 00011001
 10011010 11111110 10110011 11010100 01001010 11010110 00001010 10100011
 11001100 00001100 10100001 01111001 01001001 01011000 01100010 01010011
 00001100 10011000 01011010 01100101 00001101 10100110 00011100 00110000
 11010001 01010001 10011011 10010010 10001111 11111101 00110100 01100010
 00001111 00100110 01000010 11010000 01101000 10010000 10011110 01111000
 00011101 11100001 01111100 01100010 10010011 10010111 10100010 11011011
 11111110 01110001 11110101 11011111 00100011 01100000 10101000 00110100
 11010001 01011001 00100110 00100011 10100011 10100110 10100101 10000101
 01110100 01111100 10011110 10100011 11101001 00101010 10101110 11111101
 01100111 00011011 01011011 11111101 00101101 00111100 10101011 10010100
 01010000 00010010 00000010 10011001 10111001 10000100 11111001 10010000
 11011000 10011111 00000010 00011100 11100110 10011100 01100011 01110110
 00010000 01111110 11110100 10111101 00001111 01010100 01110110 11110011
 11110010 00011011 01100101 10111011 10000100 10110001 00100101 01111110
 00111011 00010101 10001110 01000100 01010000 01100111 00001101 11001100
 00010111 10111110 10011011 00101111 00111111 01010111 01000011 10110100
 11100111 00110010 11000100 01001101 01110000 11000000 00100010 10110101
 01100000 00100111 00000011 11000111 01101101 11000100 11010010 10011000
 01101011 01100010 01101101 00010010 10010101 01011110 00110010 11100110
 11100001 11110101 00001110 11010010 00110011 11111100 11011011 00110000
 01100011 10000101 01010010 01111101 01011100 00111101 11011001 11110011
 01111011 01110000 11011110 01011001 01001000 10001110 00101110 01001000
 11010000 11011011 10001100 01001101 11000101 01100001 01000110 00001111
 10011110 01100111 00100010 10001111 10100000 01110000 10010011 11010010
 10010100 10010110 11010100 00010010 11001010 10001110 11110101 00100001
 01101010 01111111 00001011 10000000 10100011 10010111 01010001 10010111
 10111000 01101010 01001010 10100011 11001110 01110001 00110110 00010111
 10011101 11101101 11011100 00110010 11001001 01101101 11111010 01101100
 01111000 11110101 10001101 10101001 00111010 11100111 10100111 10101101
 00011100 11001110 10001011 11100101 10101100 11110100 11100011 11110111
 10011000 10100110 10011100 10000000 00001001 00000011 11010001 00010000
 11011100 11100100 00010010 10100000 00000011 
