11111000 
10000011 
01010110 
01001100 
10000011 
11010010 
10101010 
01100101 
10100000 
10100010 
10101111 
01001111 
00100010 
11001111 
01110010 
01101111 
00101001 
11110001 
01010011 
01011100 
11010001 10100011 10100000 01001110 01001001 00110011 01111000 11110111 10111111 10100000 00111101 01100111 00001000 10011011 11100100 11111101 11000100 00010000 11001111 00000100 10110101 10011011 00010100 11101101 01111010 00001100 01010110 00101101 01001110
00010011 10001011 01011010 01101000 01000100 10110111 01010011 00100010
10010010 00010100 10010010 10010000 10000000 11111101 00100101 01110010
00011010 00100110 01000010 11000111 01110111 10001011 10010011 01111110
00010100 11110010 00110010 01111001 10011001 11011011 10100111 11010001
11111010 00100101 11101001 11010001 01110100 01010101 10110101 00100011
11000011 01010010 00111010 00110110 10100101 10101010 11101100 10000011
00100000 01001110 10011100 10101111 10100111 00101011 10100100 10101111
00100000 00101111 01010010 11101111 00101010 00111000 10111110 10010000
00010001 01011010 01000011 10011101 10110010 11001010 10111010 10011110
11011100 10010111 00001111 00001001 11100111 11011101 00101111 00111001
00111100 01101011 11101111 10110111 00001101 00001101 00101100 11010000
11110010 00011100 01100101 10100001 11001011 10101100 00101001 00111000
00111011 00001100 10010001 01000010 01011111 01101100 00001111 11001101
00010111 11100110 11001110 01111100 00100110 00011011 01011101 11111011
11100110 00111101 11011111 01000111 00111100 11001011 00100011 10111000
00100001 00101010 00001000 10001110 00100110 11011111 11010001 10011111
01100100 00100111 01100001 01010011 10000001 00010011 00110010 11011101
11111010 11111110 00010111 11010110 01100001 10100001 10011010 00100111
01100101 11010000 00000101 01010110 01001011 00110111 11010101 10111100
01110010 01110000 10001010 01001011 01000000 10010110 00100110 00001100
10000111 10010010 10000001 01000110 11011000 00100000 00011100 01011100
10111110 01110100 00110110 10001001 10110001 01110010 10011011 11000101
 11011101 10011011 10011011 00101001 11001101 10000110 11101010 00110110
 01111010 01110101 00010010 10010101 10101100 11010010 00011110 10011011
 10101011 00101011 01010010 11101111 11001100 01111111 00100110 01001110
 11011100 11101101 10010000 01111011 11110110 00101100 11111101 01111001
 01110100 11100010 11010111 10100011 01110000 11100111 10000011 11111001
 00001011 11001100 10000110 11101110 10111101 10110011 11101110 10110110
 10001000 10101101 10000001 10001110 01001010 00010011 11001001 00010011
 10000010 10111110 00001101 10101110 01011001 11000111 01101000 11001100
 10000001 01001110 10110001 00101101 11110011 00111001 01001011 11010100
 10100010 11110110 00010101 11001110 10001100 01000100 00101101 11011101
 10110111 10010011 00101111 01011111 11111111 10100000 11000001 11100110
 00010011 00011110 10010100 10100010 10010110 01110010 11001100 11100101
 01110010 10110100 00100101 10100011 01110011 11010110 11000100 10101100
 00010011 10110110 11101100 00010010 01000011 01000010 00001101 00110100
 10001011 01010101 00000011 10001100 00101110 10000111 01001000 00101000
 11111000 01000101 10101011 10101101 11001011 10100100 01010010 00000001
 10110010 00001011 10011010 01110010 01111101 00101010 01011101 00101111
 10010111 00100110 10001011 00100001 11110110 11100111 10001101 00010100
 11000101 01111001 10110100 11011110 10110001 11011101 00000100 00111110
 01111010 00101000 00111001 10001101 01101010 01010011 10101100 10101101
 00100110 01110111 11101110 01010101 11001010 11010000 01010011 01101110
 00101010 01001001 10110000 10111010 10110111 00110010 01001001 00000010
 01110100 01100111 10001001 01011010 00110110 01011111 01100000 01110111
 10110011 00101111 00000100 01100111 00100111 11011110 00011011 01101001
 10000011 01011001 11001110 01100011 01110110 10000111 11100001 00101000
 10101101 00110111 10111111 10110011 01100111 00111001 00110110 10111010
 10111100 00100001 11110000 01100101 10101110 01010101 11010001 00000110
 10000000 01000010 00011111 10010011 01100100 11101001 10100111 10111010
 01011111 00110101 11111100 11000101 01000010 10111110 10010001 10100010
 00010011 11000110 11100110 10011010 01101111 11010101 01110001 01111010 01011100 11110010 01101101 11011101 00010100 00111000 00010001 00000101 00000111 01111101 10111011 01000000 10010110 00100011 01001001 11011000 00101110 10110010 11011000 11101011 01110001 00111010 00011101 01000110 10001111 11000101 10111110 00011100 10110001 01011101 11110101 10110100 00011111 01001010 11000101 10110111 11100101 11001001 11011000 11100111 10110011 00111010 01000011 11000011 00110001 01001100 10000101 01010000 10000001 10101011 00010111 01000000 11010000 01010110 11100010 01110100
