10000100 11001011 01100101 01001011 
10010001 10000110 10100001 01100001 11100101 11110010 10111111 01001100 
00101011 10000100 01100111 01100000 00101100 11110000 01011101 00011111 
10011101 10110110 10101011 00010111 00000100 00100110 00110010 10111000 
10110011 10110001 00100010 01100000 00000100 10010000 11101001 11101001 
11001010 00011100 10011111 00001001 10100000 11001100 00001011 11101110 
00110011 01011100 01000000 00101101 01001001 00010101 10000100 00011111 
01111011 00001011 10110111 01001111 01111000 10000100 00010101 10011010 
11011110 10001000 11111101 00111110 01110011 00011010 00111011 00011011 
11001110 01101011 11000100 10010001 01111010 00000100 11110010 00111001 
01111101 10001001 11011011 10100111 11010001 11111000 00110100 11111111 
11000100 01100110 00010000 10101001 00111111 11011101 01011101 01110100 
00100011 10101101 10101011 10100101 10001010 00110001 01000101 11010010 
10110001 11101000 00101000 10101110 10110011 00100100 01110010 00011110 
11000101 00101011 00110011 10101101 10001010 01001011 01011010 01001101 
10000001 10111100 10000100 11100001 11011100 11000111 10000100 00011100 
00011100 11101100 10010011 00100100 00111101 01111011 01110000 11110100 
10111101 01011011 01000010 01100000 10111010 11100100 00000101 00100100 
10110110 10000100 10100001 00100101 00110100 01101000 00001011 10001100 
01000111 01010100 00101001 00001010 11010110 01010000 11101101 10001011 
01100000 00110110 01011110 01011110 11111000 11100011 00101001 11001111 
00000010 00110100 11001011 01101101 10110011 01100100 00111110 00001100 
11011100 00111010 10011000 10011101 11010100 01010010 01100010 01100011 
01011110 10001110 01011000 00110010 11000001 11111101 11100101 00000000 
11000011 00101111 11110101 11011001 00111011 00101010 10011001 00011100 
01001001 01001001 00101010 11011111 11111101 01110101 01110101 10010111 
00001010 01000001 10011001 00101011 01010110 11000011 11010111 11000011 
01010011 11011101 00110100 01000110 01000000 10100010 01100111 00101111 
11001100 10100110 01110011 11010010 11001110 10011100 10010101 10011001 
00101100 11010001 10001110 11100101 01111000 01111110 01101000 00011111 
10010001 10111000 10010111 01001010 10000111 10110000 01110010 00010000 
11101110 11001010 01111101 00100000 00001001 10011101 10101110 11001010 
01110101 10001100 
