10001001 11001100 01101011 01001000 
11010000 11001010 10100110 01101100 11100101 10100000 10110110 01010100 
01100111 11001000 01111000 01110110 00100001 11111100 01010011 01001010 
11010001 10010011 10100000 00011101 01001000 00110101 00110010 10100000 
10101110 10100110 00111111 01110110 00000000 10001100 10100001 10110011 
11001110 01010101 11010010 00010010 11101111 10010110 01011011 11000000 
01111111 01001001 01011001 00110001 01011011 00001111 10010101 01001101 
01101110 00001001 11110011 01110111 01110101 10000000 00000010 10011000 
10010111 10000100 10101010 00100010 01111100 00010100 00100100 01000010 
11010110 01100010 10000000 10011110 00111011 00011001 11100001 00111001 
00110000 10001000 10000010 10100000 11010101 11111011 01110001 11101100 
10011110 01110011 01011001 10100110 00100100 11011111 01011011 00101110 
00110110 10101001 11100101 10000010 10010001 00111110 01011000 10011011 
10111111 11101100 00110111 10110101 10111100 01100101 00101111 01011011 
11100000 00110111 00111100 10111010 10010101 01010000 00010000 01001001 
10011001 10110011 10011101 11111101 10010010 11011110 10001111 00000010 
01010011 11111111 10000100 00101111 00111001 00101001 01101001 11100001 
10101011 01000101 00000011 01010110 11110000 11110110 00010011 00101011 
10100011 11000111 10100001 00101111 01111010 01111110 00010110 11000011 
01100001 01010000 01111110 00001101 11011010 01001110 10101100 11000110 
01100110 00110011 01010111 01000010 10110100 11100000 00111110 11010101 
00000010 00111111 11000011 00100001 10101110 01110010 00111110 00001100 
11000000 00100100 11010011 10011101 10110110 01100100 01110101 01100101 
01010011 10001001 01000110 00110010 11111000 11100001 11100110 00000100 
11010000 00101010 11100101 11011111 00111001 00101010 10011010 00010011 
01000100 01001001 01111000 11011100 11110011 01100001 01111010 10010100 
00001010 01001111 10010101 00101011 01001001 11011000 11011001 10001010 
00000011 11010000 00100100 01001011 01000110 10110110 01111111 01100010 
11001100 11100101 01011101 10011110 11000101 11011101 10001011 10000110 
00111000 11011101 10011000 11100110 00111101 01100000 01110011 00000000 
11010100 10111000 11011110 01011011 10011000 10100011 00101011 01011101 
11101010 11000010 01110100 00111100 01000000 10011000 10100010 11011111 
00110010 11001001 00111111 11110001 00100011 01110100 11100110 10010011 
10101001 01111110 10110100 10000101 10100011 01010010
