10001101
 11000010 01110111 00001001 10000011 11001111 10101010 00101000 11100100
 10111101 10101010 01011100 00100110 11000000 01101000 01101011 00101101
 11110010 01010011 01011100 11010001 10110110 10100111 00011100 01000101
 00100110 00110010 10111101 10110010 10110010 00111001 00110111 00000111
 10010000 11101001 11111101 11011010 01011101 10011111 00010001 11101111
 10001010 00011010 11110110 01111100 01011110 01001011 00110110 01010101
 00010110 11010001 01001000 00101011 00010100 10100001 01000110 01100111
 10010101 00010000 10000100 10011001 10010100 11111101 00111111 01110110
 01011101 00100111 00001101 11000011 01100010 11000100 10011100 01100001
 00010010 11111011 00101000 01111111 10001000 10010111 10100101 11001001
 11111011 00100010 11111000 11010111 00100011 01111100 10010011 00010101
 10010100 00011000 00010110 00100001 10101101 10101011 10100101 10000011
 00111000 01001110 10000101 11111010 11001100 00101011 10100010 10110010
 00110111 00110011 01001001 11111101 00101111 00110100 11111001 10010010
 01010000 00010000 01001100 10011001 10101010 10001011 10111000 10001100
 11001111 10000100 00001000 00010110 10100110 11011101 01101101 00000001
 00110111 01101011 11101000 10100000 01000110 01000110 00101100 11101010
 11111100 00010011 00110101 10100101 11010111 10111010 00101100 00110100
 00101110 01010001 10001111 01001000 01000001 01100111 00001101 10011001
 01011100 11100011 11000101 01111011 00100000 01011010 01000110 11100000
 10100010 00101001 11010111 00000010 00110010 11011101 00101110 10101000
 01100100 01100100 00000100 11001011 00100000 11010011 11010000 11010100
