10001001 11000010 
01101011 01001100 10000100 10000110 10101100 01100111 10100000 10100110 
10101111 01001111 00100010 11000111 01110100 00100001 00101001 11110100 
01011110 00001001 10000110 10110111 10111100 01001110 01010011 00101001 
01111110 10111100 10110110 10101111 01101101 01111001 00001100 11010101 
11010111 11111010 11000110 01011101 11010110 01001011 10111111 10000011 
00011000 11101001 01111100 01001000 01001000 00101011 00011010 00001110 
10010101 00011111 01011101 00001011 10111111 01010111 01110001 10010110 
00010000 10010001 10011011 10001111 10111100 01110001 00101000 01011101 
00100110 00000101 11011000 01101000 10010111 10010110 01110111 00011110 
10101000 00110010 01110001 10001001 10010000 10100011 11001001 11110111 
00101000 10111011 11000100 00100011 01100111 10111110 00110100 11000000 
01010001 00110101 00111111 10110111 11100101 10000010 10010001 00100001 
01000100 11010010 10110101 10100111 00011110 10100110 10111000 00101000 
00110101 00011110 11011011 00101010 00110100 10101110 10011010 01000011 
01000011 01011011 10000010 10111000 10011110 11101101 11011100 11101010 
10001100 00001110 00010111 11101101 10010011 00111110 00111101 00110010 
01101111 11111100 10100001 00000001 00000011 01001011 11111111 11111100 
00011011 00101010 10101000 11011110 10100010 01101100 00110100 01110000 
00001000 10001100 01011111 01001111 01110000 01000100 11011101 01011000 
11100111 11000100 01100001 00110011 01010111 01000100 10110100 11110010 
00101000 11011011 01001011 00110001 11010110 00111000 11100001 01100100 
00101001 00000000 11011101 00100111 11011111 10011101 10001110 00100101 
01110111 01101000 01011100 10011010 01011011 00110010 11000101 11101011 
11100101 00001110 11011010 01100001 11100010 11011011 00111001 01111101 
10011001 00010111 01000100 01010101 00100010 11001011 11111111 01111110 
00111111 10001001 01011111 01001111 10010111 00101110 01000010 11000101 
11000101 11001111 00000011 11000110 00110110 01001110 01000000 10110110 
01101111 00100000 10000101 11100101 01101001 10000101 11000001 10011010 
10011010 11011000 01100010 11000010 10001110 10101111 00110110 01100111 
01111111 00001110 10000000 10101101 11000101 01011011 11010101 10110000 
00101011 01011110 11101010 11000000 01110000 01110011 00011010 10010001 
10100011 11000110 00111110 11000110 00111110 11100100 01100010 01110110 
11111110 11010111 10111111 01111111 10101011 10000111 11101001 01010010 
11011100 10000110 11101011 10110111 10110000 11101101 11111111 10011101 
10111011 10000101 10000111 00001001 00010111 11000111 00011110 11000001 
11101001 01010111 11100000 01000010 10000110 01111111 11000100 10010101 
01011001 11111111 00100110 11110011 00110011 01000011 11011111 10100110 
10110111 01001010 10000010 10000011 01011011 00101101 11011101 10110111 
10001101 00100001 01011111 11101101 10101101 11001010 11110111 00001000 
00011001 10000110 11101011 10011010 01110010 11001101 11100000 01110111 
10110000 00111101 10111101 01110101 11011101 11001001 11100101 00000101 
10101000 11101101 00011110 01011001 01000010 01000100 00110001 11000100 
00000110 00000100 10001010 00100111 10001001 01011000 00101000 11110011 
01001110 10100111 11101100 11011010 10110101 01001001 00001111 11111100 
00010011 11001001 01111101 01110101 01110000 00011100 00011011 10011010 
01100010 10001100 00111011 11111101 10100010 10001001 00010011 11011001 
01110111 10110101 10011011 10100001 11000010 00001100 00111000 01101010 
01101001 00101010 11011111 01111000 01001001 10110000 10101101 00110110 
00111000 11110010 01000001 11001000 11010001 01000110 01100101 01101001 
01011011 10110000 10110100 11110100 01111100 01000011 00010000 01110110 
01110110 11010011 01011010 00110110 01010100 00100001 01110101 10100101 
00110100 00011110 01100111 00111000 10010011 00011001 00111100 10011100 
01000010 11000000 01100001 01111100 10010011 10111011 00110110 10100111 
00100111 10100011 11101011 00100110 00101111 00110010 11110001 10100100 
01101111 11100011 01110000 10111011 01010101 11001101 00001100 11001111 
00010010 00011100 10000101 01111010 11111011 10100111 10110000 01011111 
00101010 11111100 11010101 01001010 10100100 11010111 10100110 00010100 
11000010 11101100 10010011 01111001 10000010 01100001 01111001 00011110 
10101011 01101101 11011011 01000110 00110110 01011101 00000110 00011011 
01111011 11110111 00010101 11011101 00100111 01010100 11011111 00100000 
10101111 10000001 11011000 01100100 00100100 00001011 01001000 11010001 
10011101 11111011 00000000 10100001 01001101 11100011 11110011 01010110 
01010100 10010110 11101110 11111110 11010111 11000000 10100011 10110001 
00100000 01001010 11001111 01111111 00010111 11011111 01001100 10010001 
11100001 00110011 01001110 11010011 01010110 10101010 00111110 11010011 
10010001 11110111 10001010 00111011 01001011 00000111 00100100 01001001 
00000101 01111111 01000101 00111010 00001011 11110111 00001010 00100011 
10011010 01111011 11101101 00101011 00000010 01101001 10010010 11001001 
01100101 01100110 00110011 00011001 00110000 00110000 10000001 10011110 
11000001 01011000 11100100 11111000 01010011 01100101 11001011 11011111 
00100100
