10010011
 11000010 01110111 00001001 10010010 11011111 10100011 01100111 10100000
 10100110 10111000 01001111 01100111 11010100 01110010 01100101 00101011
 11100101 01001011 00000011 11010001 10110000 10101011 00001111 01010001
 00111011 01100111 10100101 10110110 10100010 00110100 01111101 00000011
 10010000 11100111 10110011 11000100 01011001 11011010 00011001 10100100
 10000101 01011011 11101111 01110010 00001100 01111110 00100011 01000000
 00001000 10010100 01010001 01100000 00001011 10100100 01001111 01101001
 10001000 00010100 10011100 11010000 11000001 10011110 00101011 01110010
 00001111 00101010 00011000 11010001 01110100 10001011 10001000 00111011
 00011010 11100001 00111101 01111100 11011100 10001100 11101100 11001110
 11110001 00100110 11110101 11000111 01101110 00010000 10101010 00111111
 11010111 01011101 00111010 00110000 10101011 10100000 11101100 10000000
 00111011 01011000 10011011 10111111 11100011 00111110 10100110 10111000
 00100110 01111100 01010100 11101011 00100000 00110011 10111100 10010010
 01000100 00010000 01011000 11010110 10101101 10000011 11110100 10010111
 11011100 10010111 00010001 00001010 10100100 11011101 00110111 00110011
 01111011 01101100 11111010 10111010 01001110 01001111 01100010 11110011
 11110110 01010111 00100001 10110110 11001101 10101000 01100000 01100011
 01100010 00011011 10001111 01001100 01010001 01101000 01000100 10000110
 00010111 11111110 11001110 01100011 00110011 01011000 01000111 11111011
 11101100 00110010 11011100 01000111 01110000 11011110 00101100 10110110
 01101110 00100000 00000111 11000111 00100110 10011010 10011101 10011111
 01110001 01101000 01110101 01001011 11011011 01001111 01100000 11001100
 11110111 11110110 00001001 11010010 00100101 11101101 11010110 01110011
 01111001 10011001 00010111 00001111 01011100 00111001 11011000 11101111
 01110101 01110110 10001011 00000100 00000011 11011100 00001100 01000100
 11010011 11010000 10000010 00000011 11010010 00101000 01011001 00001111
 10110111 01111111 00100000 11001100 10111111 01111101 10010110 11001111
 10001010 10010000 10011000 00101101 11010110 10010010 10101111 00100010
 00101110 01110101 00000001 10000100 10101101 11000000 01010111 10010000
 10101110 01110001 01011001 10101111 10000011 01111010 00111100 01000000
 10001100 10100010 10001111 00101011 11011110 00100010 11101101 01110111
 01101111 10100111 10000111 10100011 01110000 10110100 10011100 11101000
 00010110 11000011 11011100 11101001 11111000 10111011 11100101 11110001
 10011000 10111011 10011100 10000011 00001001 00001001 11011111 00000001
 11010100 11111011 00011010 11111011 00000011 11001101 01110011 11010010
 10010001 01001110 10100101 00100001 10110010 00111001 01001101 11010110
 10101010 11110110 00010110 11001101 10010111 01010111 00110101 11000001
 11111101 11011101 00100101 00010000 11110110 10110101 11001110 11110011
 01011100 01011101 
