10000011 11001111 01111101 
01011101 10010101 11000001 10100000 00101000 11101010 10100111 10100111 
00010101 00110000 10000100 01101001 01100100 01101000 11110001 01000011 
00010101 10010101 10100011 10101100 00001011 01001000 00111001 00110010 
10100000 11110111 10101010 00101100 01101101 00001001 10010000 11100111 
10110011 11011001 00010000 11001111 00000100 10100011 10011111 00010000 
11101000 01110000 01000100 00010010 00110010 01011011 00010011 10010000 
01011001 01100010 00001101 11110011 01000110 01101101 10010010 00000101 
10010111 10010000 10001000 10111000 01110001 01111000 00011001 00101010 
00011000 11001101 01110011 10000101 10010001 01100010 01010111 11100100 
00110101 01100011 10001000 11011011 10111100 11011111 11100111 00100101 
11111110 11001100 01110000 01011011 10101110 01111100 10011010 01001111 
01110100 00111000 10110110 10101010 10111110 10001001 00111001 00001111 
10011010 10110011 11100010 00110110 10101110 10101111 00100110 00110100 
01010001 11111001 00101101 00111000 11111001 10000101 01011101 01011001 
01001001 10000001 10110100 10001110 11101101 10010110 11011100 11000101 
00000011 00011100 11100101 10010010 00111110 00110011 00110000 01111001 
11101110 10101111 01000011 01001010 01110110 11110111 10110011 00010110 
00110000 10111000 11001011 10110110 00100001 01100000 01100010 00011111 
10011001 01000011 01011100 01101100 01000100 11001001 01000101 11110110 
11001110 01100010 00111011 01011010 01000011 11111011 11110101 00110010 
11011100 01000011 00110011 10000100 00100010 10110010 01101110 00100110 
00010000 10001110 00100101 11011001 11010000 10011011 01110110 01100010 
01101100 01000001 10001110 01011110 01111110 11011000 11101011 10110001 
00001011 11010010 01100001 11100100 11011111 00100111 01101111 10000010 
00011101 01011100 01000011 00110011 11000001 11101001 01110111 01110011 
10010000 01001111 00001101 11011100 01101111 01101000 11000110 11010011 
10000000 01011001 11011001 00100110 01010011 00001111 10110100 01101101 
00111001 10011110 10100100 01101000 11010010 11010111 11011101 10001011 
10010001 00101100 10011000 10011000 11111111 00110111 01111101 01110101 
00000111 11011000 11100010 11001101 01011111 11010101 10111010 01100100 
01000011 11110001 11000110 01111100 00111101 00001001 10011111 10111001 
11011000 00111110 11000001 01101101 11110010 01101010 01101001 11110011 
10000010 11110011 00110100 10011101 10010001 11110100 00010001 11000110 
10011001 11110011 10110011 10111101 11100100 11111100 11001010 10110110 
10000111 10000100 01011101 00011110 11010101 00011011 10001110 11101101 
00011110 11101011 00000011 11001000 01110101 11011011 11010100 01010000 
10110010 00101101 11110111 00111001 01001011 11010000 11101111 11101001 
01000110 11010110 10010101 01001011 00100010 11000101 11110100 10000111 
00110111 01011111 11111000 10111101 11010011 11111001 00000111 00001101 
11010010 10100010
