10001010
 11001010 01111101 01000101 10011111 10000110 10101101 01110001 11100011
 11110010 10110010 01000110 00110011 11010110 01110010 00101101 01101000
 11111110 01000110 00010101 11010001 10110111 10101100 00001011 00000100
 00111101 01101000 11110111 10100011 10100000 00100110 00111001 01001101
 10100111 11100010 11100000 11011010 01011010 11001100 00000000 10100110
 11001100 00001111 11110011 01110110 01000010 01010111 00110000 00011010
 00101101 10010100 01011000 01100010 00001101 11110011 01010011 01100110
 10000110 00000011 10001111 10000100 10001101 11111101 00111111 01111000
 00011010 00101100 01000010 11001110 01100110 10010011 10010000 01111111
 00011001 11100001 00110111 01111111 10001011 10010010 11101100 11010000
 11110101 01110001 11101111 11001100 01100110 01011110 10101110 00111110
 11011101 01001101 01110100 00011101 10101101 10110010 10101101 11010000
 00111001 01000110 10011101 10101110 11101011 00100101 11101111 10101010
 01100101 00111000 01001100 11111011 00111110 00100100 10110111 10010110
 01010100 00010000 01001101 10010010 11111101 10011000 11111001 10000110
 11001000 11000101 00011100 00001001 11100001 10011000 00100001 00110111
 01111011 01111001 11110010 10101011 00001111 01000111 01100011 10111010
 11100001 00011000 00100111 10100011 11010000 10100010 01101110 00110100
 01001000 00001000 10000010 01000011 01011100 01111010 00001000 11011000
 01000000 10101100 11101000 01110101 00110111 01001001 01001110 11101110
 11100111 00110100 11011001 01010101 01110000 11001010 00101100 11100001
 01110001 00101101 00001100 11011100 00111010 11000101 11000111 10001101
 01101000 00100111 01110011 01000000 10011110 01010001 01111011 11011000
 11101001 11100100 01000101 11011100 00100101 11101011 11001000 00101010
 01110000 10011100 01010010 01000001 01001001 00111111 11010111 10111100
 01101100 01111110 10001001 01000101 01000111 10010010 00100110 01000111
 11000101 11000101 10001010 00001111 10011100 00111011 00011100 01000100
 10100001 01101001 00111110 10001001 10100010 01110011 11010010 11010000
 10010010 10001100 10000000 00100011 11001111 10010010 10101111 00110110
 01100111 01111111 01000101 10010110 10111011 11011011 00011110 10001111
 10101011 01101111 01011111 11110100 11001100 01110100 00111100 00001110
 10000101 11101101 10010000 01111011 11001000 00100010 11110000 01101100
 01101001 11101110 11010111 10100111 01111000 10110010 10000100 11100010
 00000101 11001110 11011100 11110100 10111101 10111000 11100100 11100001
 10000011 10111000 10001100 10001110 00000111 01000111
