10000011 
11001111 01111101 01001010 10001010 11000011 10101000 01100111 10100000 
10110011 10110110 01000000 00110101 11000101 01101001 00100001 00111111 
10111111 01011110 00010101 10011111 11111001 10110110 00011110 01001011 
00101111 01111101 10110101 11111011 11100001 00110111 01110110 01001101 
10000101 11100010 11100000 11010001 01010101 11011011 00000101 10100110 
10001111 00001111 11110110 01110110 01000001 00010010 00101110 01010011 
00010010 10000101 01001010 00110100 01000100 10001001 01001011 01111011 
10000010 00011000 10010011 10001101 10001010 10110100 00110100 01111101 
01011101 00111101 00000011 11011111 01110011 10011101 10010100 01110010 
01010111 11111011 00110101 01110101 11011100 10010101 10100101 11011011 
10110100 00101011 11110110 11010111 01100110 01011110 10101110 00110001 
10011010 00000111 01110100 00100111 10101110 10110000 10100001 10010001 
00110111 01010101 10001011 11111010 11100101 00101101 10111100 10110110 
00110000 00101100 00010000 10101110 00001010 00110100 10111100 11011111 
01001011 01010001 01010010 10011001 10110000 10000011 11110110 10011101 
11010111 10001000 00010010 01011111 10101000 10000111 00101000 01110110 
00101111 01101111 11110101 11101110 01011100 01000010 01100001 10111010 
11100000 00000111 00101010 10111111 11001011 10111001 01100000 01101110 
01110111 00010101 10001000 01011010 01011100 01101101 00001011 11001110 
01010110 11100000 11000010 01111100 00111111 01000010 00001101 11100100 
11101101 00110111 11000100 01011000 00110101 11000000 00100011 10101000 
01101110 01100100 00000000 11000000 01101101 11000000 11010100 10000000 
01110111 01101000 00101011 00010010 10001000 01011010 01111001 11000101 
10101110 11100001 00010111 11001001 00100100 11101000 11010111 00110010 
01100110 10001010 00010111 01000001 01010101 00110011 11011011 10111100 
01111111 00111111 10010111 01001110 01000110 10010011 00100011 01000011 
11001101 11011011 10000110 00000011 11011011 00100100 01010010 01001011 
10110000 01110100 01100010 11001100
